 5.85338492e+07 1.28007738e+07 -5.00000000e+07 0.00000000e+00 0.00000000e+00 0.00000000e+00 0.00000000e+00 0.00000000e+00 0.00000000e+00 0.00000000e+00 -1.24971727e-25 -2.04101059e-09 -8.53384917e+06 -1.28007738e+07 0.00000000e+00 0.00000000e+00 0.00000000e+00 0.00000000e+00 0.00000000e+00 0.00000000e+00
 0.00000000e+00 1.00000000e+00 0.00000000e+00 0.00000000e+00 0.00000000e+00 0.00000000e+00 0.00000000e+00 0.00000000e+00 0.00000000e+00 0.00000000e+00 0.00000000e+00 0.00000000e+00 0.00000000e+00 0.00000000e+00 0.00000000e+00 0.00000000e+00 0.00000000e+00 0.00000000e+00 0.00000000e+00 0.00000000e+00
 -5.00000000e+07 0.00000000e+00 1.08533849e+08 1.28007738e+07 -5.00000000e+07 0.00000000e+00 0.00000000e+00 0.00000000e+00 0.00000000e+00 0.00000000e+00 0.00000000e+00 0.00000000e+00 -1.24971727e-25 -2.04101059e-09 -8.53384917e+06 -1.28007738e+07 0.00000000e+00 0.00000000e+00 0.00000000e+00 0.00000000e+00
 0.00000000e+00 0.00000000e+00 1.28007738e+07 5.25344940e+07 0.00000000e+00 0.00000000e+00 0.00000000e+00 0.00000000e+00 0.00000000e+00 0.00000000e+00 0.00000000e+00 0.00000000e+00 -2.04101059e-09 -3.33333333e+07 -1.28007738e+07 -1.92011606e+07 0.00000000e+00 0.00000000e+00 0.00000000e+00 0.00000000e+00
 0.00000000e+00 0.00000000e+00 -5.00000000e+07 0.00000000e+00 1.08533849e+08 1.28007738e+07 -5.00000000e+07 0.00000000e+00 0.00000000e+00 0.00000000e+00 0.00000000e+00 0.00000000e+00 0.00000000e+00 0.00000000e+00 -1.24971727e-25 -2.04101059e-09 -8.53384917e+06 -1.28007738e+07 0.00000000e+00 0.00000000e+00
 0.00000000e+00 0.00000000e+00 0.00000000e+00 0.00000000e+00 1.28007738e+07 5.25344940e+07 0.00000000e+00 0.00000000e+00 0.00000000e+00 0.00000000e+00 0.00000000e+00 0.00000000e+00 0.00000000e+00 0.00000000e+00 -2.04101059e-09 -3.33333333e+07 -1.28007738e+07 -1.92011606e+07 0.00000000e+00 0.00000000e+00
 0.00000000e+00 0.00000000e+00 0.00000000e+00 0.00000000e+00 -5.00000000e+07 0.00000000e+00 1.08533849e+08 1.28007738e+07 -5.00000000e+07 0.00000000e+00 0.00000000e+00 0.00000000e+00 0.00000000e+00 0.00000000e+00 0.00000000e+00 0.00000000e+00 -1.24971727e-25 -2.04101059e-09 -8.53384917e+06 -1.28007738e+07
 0.00000000e+00 0.00000000e+00 0.00000000e+00 0.00000000e+00 0.00000000e+00 0.00000000e+00 1.28007738e+07 5.25344940e+07 0.00000000e+00 0.00000000e+00 0.00000000e+00 0.00000000e+00 0.00000000e+00 0.00000000e+00 0.00000000e+00 0.00000000e+00 -2.04101059e-09 -3.33333333e+07 -1.28007738e+07 -1.92011606e+07
 0.00000000e+00 0.00000000e+00 0.00000000e+00 0.00000000e+00 0.00000000e+00 0.00000000e+00 -5.00000000e+07 0.00000000e+00 5.00000000e+07 2.04101059e-09 0.00000000e+00 0.00000000e+00 0.00000000e+00 0.00000000e+00 0.00000000e+00 0.00000000e+00 0.00000000e+00 0.00000000e+00 -1.24971727e-25 -2.04101059e-09
 0.00000000e+00 0.00000000e+00 0.00000000e+00 0.00000000e+00 0.00000000e+00 0.00000000e+00 0.00000000e+00 0.00000000e+00 0.00000000e+00 1.00000000e+00 0.00000000e+00 0.00000000e+00 0.00000000e+00 0.00000000e+00 0.00000000e+00 0.00000000e+00 0.00000000e+00 0.00000000e+00 0.00000000e+00 0.00000000e+00
 -1.24971727e-25 -2.04101059e-09 0.00000000e+00 0.00000000e+00 0.00000000e+00 0.00000000e+00 0.00000000e+00 0.00000000e+00 0.00000000e+00 0.00000000e+00 5.00000000e+07 2.04101059e-09 -5.00000000e+07 0.00000000e+00 0.00000000e+00 0.00000000e+00 0.00000000e+00 0.00000000e+00 0.00000000e+00 0.00000000e+00
 -2.04101059e-09 -3.33333333e+07 0.00000000e+00 0.00000000e+00 0.00000000e+00 0.00000000e+00 0.00000000e+00 0.00000000e+00 0.00000000e+00 0.00000000e+00 2.04101059e-09 3.33333333e+07 0.00000000e+00 0.00000000e+00 0.00000000e+00 0.00000000e+00 0.00000000e+00 0.00000000e+00 0.00000000e+00 0.00000000e+00
 -8.53384917e+06 -1.28007738e+07 -1.24971727e-25 -2.04101059e-09 0.00000000e+00 0.00000000e+00 0.00000000e+00 0.00000000e+00 0.00000000e+00 0.00000000e+00 -5.00000000e+07 0.00000000e+00 1.08533849e+08 1.28007738e+07 -5.00000000e+07 0.00000000e+00 0.00000000e+00 0.00000000e+00 0.00000000e+00 0.00000000e+00
 -1.28007738e+07 -1.92011606e+07 -2.04101059e-09 -3.33333333e+07 0.00000000e+00 0.00000000e+00 0.00000000e+00 0.00000000e+00 0.00000000e+00 0.00000000e+00 0.00000000e+00 0.00000000e+00 1.28007738e+07 5.25344940e+07 0.00000000e+00 0.00000000e+00 0.00000000e+00 0.00000000e+00 0.00000000e+00 0.00000000e+00
 0.00000000e+00 0.00000000e+00 -8.53384917e+06 -1.28007738e+07 -1.24971727e-25 -2.04101059e-09 0.00000000e+00 0.00000000e+00 0.00000000e+00 0.00000000e+00 0.00000000e+00 0.00000000e+00 -5.00000000e+07 0.00000000e+00 1.08533849e+08 1.28007738e+07 -5.00000000e+07 0.00000000e+00 0.00000000e+00 0.00000000e+00
 0.00000000e+00 0.00000000e+00 -1.28007738e+07 -1.92011606e+07 -2.04101059e-09 -3.33333333e+07 0.00000000e+00 0.00000000e+00 0.00000000e+00 0.00000000e+00 0.00000000e+00 0.00000000e+00 0.00000000e+00 0.00000000e+00 1.28007738e+07 5.25344940e+07 0.00000000e+00 0.00000000e+00 0.00000000e+00 0.00000000e+00
 0.00000000e+00 0.00000000e+00 0.00000000e+00 0.00000000e+00 -8.53384917e+06 -1.28007738e+07 -1.24971727e-25 -2.04101059e-09 0.00000000e+00 0.00000000e+00 0.00000000e+00 0.00000000e+00 0.00000000e+00 0.00000000e+00 -5.00000000e+07 0.00000000e+00 1.08533849e+08 1.28007738e+07 -5.00000000e+07 0.00000000e+00
 0.00000000e+00 0.00000000e+00 0.00000000e+00 0.00000000e+00 -1.28007738e+07 -1.92011606e+07 -2.04101059e-09 -3.33333333e+07 0.00000000e+00 0.00000000e+00 0.00000000e+00 0.00000000e+00 0.00000000e+00 0.00000000e+00 0.00000000e+00 0.00000000e+00 1.28007738e+07 5.25344940e+07 0.00000000e+00 0.00000000e+00
 0.00000000e+00 0.00000000e+00 0.00000000e+00 0.00000000e+00 0.00000000e+00 0.00000000e+00 -8.53384917e+06 -1.28007738e+07 -1.24971727e-25 -2.04101059e-09 0.00000000e+00 0.00000000e+00 0.00000000e+00 0.00000000e+00 0.00000000e+00 0.00000000e+00 -5.00000000e+07 0.00000000e+00 5.85338492e+07 1.28007738e+07
 0.00000000e+00 0.00000000e+00 0.00000000e+00 0.00000000e+00 0.00000000e+00 0.00000000e+00 -1.28007738e+07 -1.92011606e+07 -2.04101059e-09 -3.33333333e+07 0.00000000e+00 0.00000000e+00 0.00000000e+00 0.00000000e+00 0.00000000e+00 0.00000000e+00 0.00000000e+00 0.00000000e+00 1.28007738e+07 5.25344940e+07
